$ANSIBLE_VAULT;1.1;AES256
64393265383834353764646238396166353334336164633237356135663963643935373863663263
3134393535303731643461333465663662393665306366310a353633636639643562373764343163
30366335353933303538666663323064346534306236386133626233613864653630383334366431
3261636630376163370a303737323938353733373961616430363332666164616435663637366365
32306437363961323663656661613236356432623430326264666563396663363465633231353666
37343264396536323866393166303233383031326362613632633761383261313331633164306337
37666134363337323933353432326165313163393861643561363731323237653263373232356532
31356563343439323664363662336335326464346436383833313764353530316466616266363031
33386239373633336162363236643265333037393936303530343163626331343439303737643835
33646430373363326364383431323337313937373636353036363562313936666331633634333161
32323337396438303963326231333934363936633361636238303034396263613663346436336561
39666139643965343035363864366335613937633165613761326635623564323533303230333035
63333165653361353938643364633933386561306465353535396232643338313438343034633638
31653731306534346338376563313831656264656339346437366230346266643832313933336164
63626665356436393433633266663331393730623666356565333738663664396537393165376435
61323430633564653338393230313533393530656237366265373039353136356565303838336432
38373832313565356533363963326232623063353837376136323233313935646635633461373834
61643939623932326133346163323136643565366534333631636461346435396633386637326565
33393930356130646232383762313137306336313131326638613165636531373136633237633966
61343034323237383136333862656462373336393662393233653265663064366262663133366338
30333862376666366165383433633032373461336631646134376163383033303534643831373632
65343162386564356163353364336232376536373265363938663739323130343636383233396332
30306630393031613831333037356561623834393335373331666331383865626561373437653930
39313763383463626436316437396265666465323162343662336163343662396238623964333239
35646337613162313935663132336464383636383665393561383231623133633161363538343337
38396232393639636566653535356331613135383261646638386631343561373039313835613130
61393539383139373033653531623432393565633736623064303565376265333431316532396662
32613536383264303465366561383763303462326631316336303262643538383735613237623762
62313634303135636134343339393933356262343762613534303330663538303536386164323766
36366265653864383039333166633565333035316265613133643539303232383134306538363531
39656431663635323234613039356132386634633661643133373962316433363361383537386162
38303630323533623232613234326439363539353436366430363566396166616561383964373366
31663337326436616166333861306536656335643462373136393861626531313434636465343536
38336363303138616338373765633632643564383636363963333031343164653931323838393963
63373766356332653064613064303162303661646137356233616538623466373236623239646635
62306338383036376531353864383564623166383132323561383164623435363062643335373363
33303565616231353539613437303433646338653232393164323439626563633561643935373633
65303831616539376533376337613963306161656135643861643163393264356235373963633865
39646333333337313431656164613533633861663434373238616531363531643737353030663132
64353766656566373236383965376131343562306130343361346661336134323163353263363063
36646336613333343337613532386533653636653535613731313165646436636663366231313262
37643037303261386434306139636430323263303735383231636232303733613932663265386337
63343134363937376462313264333261373762656334323463313930383830666330626136613938
35623332376430326466303864623434346665313665323837363266383738623538623734366261
35313064323562303664653336343831343864653265393632653863663064303664
